37 7 1 5925ms
32 2 1 2129ms
35 5 1 345ms
48 4 2 316ms
45 1 2 819ms
35 5 1 371ms
47 3 2 470ms
33 3 1 148ms
34 4 1 4ms
31 1 1 106ms
32 2 1 153ms
33 3 1 131ms
34 4 1 33ms
37 7 1 140ms
36 6 1 1ms
34 4 1 68ms
35 5 1 34ms
33 3 1 27ms
32 2 1 56ms
33 3 1 95ms
30 0 1 39ms
31 1 1 82ms
48 4 2 88ms
47 3 2 13ms
46 2 2 7104ms
35 5 1 5576ms
34 4 1 101ms
19 3 0 52ms
18 2 0 39ms
17 1 0 76ms
18 2 0 78ms
19 3 0 49ms
20 4 0 41ms
36 6 1 77ms
37 7 1 27ms
38 8 1 47ms
24 8 0 200ms
23 7 0 152ms
22 6 0 28ms
21 5 0 40ms
20 4 0 32ms
19 3 0 38ms
18 2 0 46ms
17 1 0 61ms
46 2 2 17538ms
